"103,
113,
200,
223,
334,
380,
391,
425,
456,
510,
637,
807,
863,
967,
1073,
1102,
1521,
1522,
1532,
1534,
1535,
1638,
1777,
1822,
1851,
1946,
1986,
2204,
2441,
2443,
2488,
2500,
2536,
2602,
2870,
2898,
3016,
3020,
3064,
3078,
3106,
3111,
3145,
3326,
3478,
3516,
3579,
3604,
3608,
3624,
17/04/1910,
4003,
4006,
4050,
4313,
4371,
4404,
4552,
4593,
4670,
4725,
5050,
5591,
03/05/1915,
6206,
6508,
6510,
6604,
6608,
7049,
7070,
7100,
7204,
8125,
8231,
8425,
8921,
8927,
9432,
9758,
10013,
10111,
10202,
11014,
11202,
11251,
11253,
11614,
5/32,
12943,
13003,
13024,
13157,
13159,
13160,
13621,
13830,
13836,
13889,
14480,
15086,
15330,
15340,
15347,
15401,
16009,
16081,
16165,
16305,
16310,
16320,
16335,
1/2-45,
16606,
16785,
16920,
16930,
17111,
18156,
18200,
18258,
18357,
18590,
19150,
19802,
20004,
21361,
21477,
22022,
22031,
22243,
22800,
24720,
24835,
26207,
26971,
26972,
26973,
26974,
27001,
29603,
30215,
30311,
30864,
31461,
31466,
31849,
31850,
31894,
31895,
32066,
32114,
32178,
32233,
32442,
32447,
32529,
33175,
33469,
33470,
33502,
34070,
34072,
34104,
34479,
35026,
35108,
35115,
35149,
35151,
36025,
36150,
36161,
37931,
38811,
39250,
39412,
39422,
39821,
01-01-10,
40464,
01-01-11,
41095,
42055,
42620,
44425,
44445,
44739,
10-22,
45411,
45413,
oct-03,
47089,
47102,
47105,
48190,
2032-1,
48220,
48286,
50121,
50145,
50221,
50249,
51768,
55019,
56002,
57787,
58209,
58643,
58655,
58791,
59402,
60036,
60253,
61503,
62008,
62224,
62388,
62869,
64250,
64375,
64645,
66728,
66732,
67214,
67386,
67453,
67542,
67558,
67565,
67751,
67839,
68019,
68020,
68119,
68202,
68685,
68697,
69603,
69770,
70310,
71133,
71481,
71549,
71553,
71623,
71907,
72066,
72091,
72198,
72210,
72344,
72351,
72626,
72711,
73772,
73784,
73810,
74241,
74389,
74494,
74594,
74637,
74644,
74646,
75060,
75061,
75233,
76220,
76768,
78510,
78629,
78935,
79030,
79125,
80052,
80211,
80232,
80471,
80501,
80511,
81401,
81631,
82332,
83011,
83271,
83317,
83731,
83854,
86255,
90116,
90538,
91157,
91893,
93385,
95507,
96178,
97159,
97322,
99836,
102371,
103284,
103395,
106220,
110853,
112404,
115763,
116502,
117900,
130007,
130061,
130062,
130069,
135703,
138136,
139008,
2305-1,
150870,
151270,
152097,
152216,
154049,
161821,
162361,
162661,
163291,
168791,
169976,
171233,
172651,
177718,
182799,
182888,
2401-1,
185751,
186320,
187313,
189929,
192819,
192856,
192864,
195405,
198900,
199161,
199166,
199596,
201241,
201242,
201243,
205902,
205937,
206055,
206336,
207305,
208362,
209592,
210289,
222100,
245535,
245905,
2600-2,
2600-4,
2600-5,
2600-6,
2600-8,
2700-3,
2700-5,
2700-9,
294329,
303150,
303275,
303350,
311581,
320383,
320553,
320555,
320560,
320562,
320567,
321045,
321785,
321892,
322338,
322421,
322870,
323985,
323986,
324043,
324045,
324046,
324047,
324048,
324049,
324050,
324054,
324485,
325031,
325077,
325531,
325551,
325871,
325911,
325931,
325941,
325951,
326741,
326875,
327073,
327111,
327121,
327273,
328021,
328307,
328617,
328801,
328841,
329025,
331471,
331701,
332755,
333051,
333527,
333601,
334251,
334261,
335711,
338491,
339983,
340431,
340433,
340524,
340780,
340860,
340923,
340928,
340949,
340995,
341190,
341208,
341561,
344810,
350974,
350998,
354120,
354122,
355888,
357135,
359877,
363676,
364447,
366082,
367452,
367687,
367694,
367719,
367720,
367725,
367726,
367727,
367791,
369146,
370009,
370038,
371456,
371697,
375009,
377458,
379541,
383442,
383878,
384018,
384583,
393194,
393401,
393849,
399847,
400582,
401945,
429352,
450250,
471219,
481005,
487191,
489440,
500093,
500094,
500278,
501135,
501868,
502664,
503504,
507021,
507814,
510050,
512987,
518633,
523621,
530346,
534609,
537750,
538556,
539058,
565101,
566411,
567338,
571083,
571087,
573801,
583706,
3509-1,
600048,
600188,
600403,
600407,
600452,
600483,
600484,
600703,
600706,
604501,
604562,
604702,
604712,
613877,
614117,
625293,
625457,
625492,
626536,
626813,
627124,
627731,
628178,
628556,
629004,
629201,
629413,
629690,
629711,
630286,
630365,
630826,
630979,
631330,
632394,
635549,
636465,
637837,
640342,
640482,
641066,
641250,
641533,
641607,
641701,
642338,
642644,
643503,
643629,
643762,
646605,
646678,
646985,
647165,
649881,
649982,
649986,
650563,
652090,
652456,
652458,
652459,
652541,
652984,
653143,
653188,
653189,
653547,
654487,
654584,
654586,
654589,
655269,
655528,
655704,
655959,
655960,
655961,
656990,
657647,
658088,
658703,
658714,
658731,
658865,
660639,
663682,
668893,
675003,
675005,
678393,
678580,
681081,
684004,
10-3793,
693904,
698640,
708951,
710211,
710540,
723494,
723741,
723747,
729841,
733451,
735841,
738300,
738399,
738416,
738429,
740001,
752288,
752637,
757484,
4002-2,
4002-3,
4002-4,
4002-5,
767886,
4002-7,
4002-8,
4002-9,
4002-10,
4002-11,
4002-12,
770006,
778000,
781721,
789341,
789450,
4063-3,
4063-4,
4063-7,
790601,
800043,
4142-2-16,
856412,
859779,
873101,
890487,
890488,
898034,
901200,
902660,
908982,
909283,
909290,
909292,
909311,
911242,
911243,
911244,
911331,
951390,
951392,
951394,
951790,
951817,
4527-7,
4801-11,
1090025,
1110980,
1111285,
1111562,
1111590,
1111610,
1127701,
1127711,
1127723,
1133039,
1138589,
1142706,
1142721,
1142902,
1142913,
1156561,
5330-1,
1280482,
1322944,
1327635,
5731-2,
6000-1,
1520700,
1520980,
1521285,
1521610,
1521850,
1521935,
6077-01,
1594348,
1600501,
1600622,
1600911,
1600941,
1700017,
1740473,
1741125,
1761898,
1763129,
7270-5-5,
7274-2-1,
7274-2-2,
7274-2-3,
7274-2-5,
7274-11-5,
7274-11-10,
7277-2-1,
7277-2-2,
7277-2-3,
7277-2-10,
7277-2-15,
7277-2-20,
7277-2-25,
2018124,
2018130,
2018146,
2019273,
2110980,
8113-2,
8675-5,
8746-4,
8791-4,
8791-5,
8791-6,
2520625,
2521285,
2521850,
2522021,
2522022,
2526834,
2539449,
2539738,
2540391,
2541847,
2577043,
2601315,
2602195,
2602413,
2602915,
2605298,
2607547,
2607642,
2608553,
2609097,
2609132,
2609283,
2609291,
2609345,
2609507,
2609744,
2609753,
2609823,
2609825,
2610752,
2610767,
2611120,
2611154,
2611504,
2613152,
2614823,
2614826,
2615096,
2616878,
2635991,
2646561,
2683275,
2761910,
9505-06,
9507-10,
3011178,
3011740,
3012414,
3013017,
3013273,
3013832,
3015106,
3016606,
3016607,
3016611,
3017755,
3017768,
3017769,
3019056,
3019741,
3020101,
3020420,
3021028,
3021572,
3022414,
3026824,
3028998,
3029477,
3029484,
3030277,
3030278,
3030669,
3031839,
3032650,
3032659,
3039937,
3111285,
3111590,
3521590,
3521850,
3521935,
3900176,
4000011,
4000601,
4004643,
4081723,
4121821,
4218210,
4871901,
5006912,
5010744,
5011317,
5011421,
5011422,
5012143,
5012616,
5012645,
5013681,
5016101,
5016922,
5019502,
5019801,
5029152,
5029524,
5029541,
5029542,
5034892,
5035128,
5035193,
5036692,
5037023,
5289951,
5820106,
5908916,
6000605,
6002402,
6003803,
6005005,
6005453,
6005454,
6005503,
6007232,
6007233,
6017410,
6658323,
6697761,
6705145,
6709751,
6709768,
6714802,
6714803,
6714806,
6714808,
6714809,
6714813,
6716898,
6720694,
6723713,
6735247,
6735545,
6738476,
6739488,
6739873,
6780787,
6781028,
6781247,
6781589,
6781679,
6782840,
6783487,
6783497,
6783834,
6784006,
6784103,
6784105,
6784765,
6784788,
6784813,
6784981,
6785232,
6785234,
6786353,
6788225,
6789279,
6789860,
6789877,
6789978,
6791140,
6791530,
6791617,
6791715,
6792040,
6792118,
6792266,
6792745,
6793309,
6793711,
6793956,
6794046,
6794101,
6794200,
6794399,
6794716,
6794936,
6800316,
6800317,
6800372,
6800413,
6805335,
6805855,
6805896,
6805903,
6806245,
6807731,
6808303,
6808566,
6808649,
6809081,
6809082,
6809083,
6809084,
6809085,
6809086,
6809087,
6809088,
6809089,
6809090,
6809091,
6809092,
6809093,
6809094,
6809125,
6809133,
6809134,
6809571,
6809796,
6810247,
6810345,
6810400,
6810421,
6810434,
6810436,
6810448,
6810461,
6811397,
6811700,
6812028,
6812042,
6812078,
6812254,
6812647,
6812909,
6812971,
6813006,
6813272,
6813675,
6814039,
6814138,
6814139,
6814159,
6814160,
6814316,
6814317,
6814321,
6814750,
6814894,
6815099,
6815304,
6815330,
6815337,
6815621,
6815953,
6816022,
6816172,
6816173,
6816326,
6816336,
6816356,
6816358,
6816385,
6816387,
6816388,
6819269,
6819278,
6819698,
6819699,
6820084,
6820145,
6820179,
6820291,
6820304,
6820305,
6820362,
6820394,
6820586,
6820588,
6820668,
6821270,
6821639,
6821948,
6822092,
6822222,
6822347,
6822464,
6822466,
6822469,
6823108,
6823112,
6823118,
6823125,
6823140,
6823142,
6823151,
6823166,
6823167,
6823169,
6823170,
6823260,
6823263,
6823291,
6823308,
6823330,
6823334,
6823502,
6824043,
6824044,
6824069,
6824075,
6824214,
6824282,
6824286,
6824477,
6824478,
6824805,
6824964,
6825230,
6825273,
6825275,
6825392,
6825395,
6825425,
6825427,
6825525,
6825528,
6825603,
6825606,
6825658,
6826918,
6826934,
6827081,
6827082,
6827118,
6827183,
6827186,
6827589,
6827847,
6827849,
6827878,
6827887,
6827954,
6827955,
6827995,
6828011,
6828012,
6828074,
6828075,
6828125,
6828145,
6828146,
6828147,
6828170,
6828462,
6828733,
6828763,
6828952,
6828978,
6829061,
6829388,
6829392,
6829393,
6829394,
6829398,
6829451,
6829556,
6829641,
6829919,
6840004,
6840109,
6840117,
6840136,
6840158,
6840323,
6840406,
6840407,
6840476,
6840861,
6840862,
6841048,
6841163,
6841207,
6841222,
6841228,
6841232,
6841239,
6841271,
6841453,
6841676,
6841759,
6841791,
6842094,
6842119,
6842120,
6842139,
6842311,
6842597,
6842633,
6842796,
6842824,
6842838,
6842844,
6843160,
6843173,
6843209,
6843226,
6843227,
6843268,
6843344,
6843526,
6843609,
6843610,
6843949,
6844003,
6844007,
6844056,
6844140,
6844169,
6844316,
6844317,
6844318,
6844326,
6844361,
6844422,
6844608,
6844614,
6844615,
6844619,
6844627,
6844648,
6844649,
6844716,
6844778,
6844785,
6844786,
6844819,
6845277,
6845301,
6845945,
6846052,
6846053,
6846062,
6846063,
6846213,
6846221,
6846311,
6846359,
6846363,
6846364,
6846473,
6846518,
6846568,
6846604,
6846613,
6846747,
6846903,
6846904,
6846907,
6846933,
6846935,
6846939,
6846995,
6847245,
6847305,
6847330,
6847331,
6847349,
6847719,
6847720,
6848143,
6848158,
6848194,
6848471,
6848574,
6849446,
6849497,
6849499,
6849500,
6849545,
6850314,
6850367,
6850734,
6850746,
6850819,
6850824,
6850825,
6850826,
6850985,
6851396,
6851398,
6851807,
6851961,
6852176,
6853366,
6853379,
6853446,
6853455,
6853464,
6853983,
6854056,
6854255,
6854492,
6854519,
6854917,
6855287,
6855319,
6855500,
6855504,
6855529,
6855530,
6855876,
6855877,
6856248,
6856362,
6856523,
6856963,
6856964,
6856974,
6856976,
6856977,
6856978,
6856981,
6856988,
6857280,
6857285,
6857422,
6857509,
6857866,
6858182,
6858279,
6858280,
6858282,
6858613,
6858614,
6858626,
6858627,
6858628,
6859014,
6859073,
6859085,
6859089,
6859092,
6859172,
6859177,
6859367,
6859371,
6859433,
6859441,
6859485,
6859487,
6859488,
6859498,
6859619,
6859822,
6859823,
6859885,
6859956,
6865638,
6865640,
6866246,
6870031,
6870035,
6870264,
6870409,
6870425,
6870704,
6870706,
6870708,
6870736,
6870737,
6870772,
6870773,
6870774,
6870796,
6870927,
6870955,
6871061,
6871077,
6871162,
6871232,
6871311,
6871361,
6871461,
6871473,
6871511,
6871513,
6871515,
6871516,
6871524,
6871527,
6871625,
6871626,
6871659,
6871805,
6871880,
6871881,
6871937,
6872086,
6873234,
6873482,
6873483,
6873624,
6873625,
6873905,
6873907,
6873949,
6874199,
6874203,
6874445,
6874687,
6874725,
6874729,
6874816,
6874817,
6875093,
6875094,
6875224,
6875243,
6875248,
6875350,
6875351,
6875491,
6875510,
6875634,
6875639,
6875641,
6875647,
6875895,
6875896,
6875999,
6876021,
6876028,
6876073,
6876076,
6876077,
6876078,
6876079,
6876080,
6876082,
6876196,
6876294,
6876333,
6876376,
6876478,
6876542,
6876557,
6876617,
6876637,
6876644,
6876645,
6876646,
6876647,
6876648,
6876649,
6876743,
6876793,
6876865,
6876867,
6876872,
6876877,
6876878,
6876884,
6876925,
6877081,
6877200,
6877201,
6877203,
6877243,
6877245,
6877277,
6877284,
6877513,
6877518,
6877702,
6877730,
6878361,
6878362,
6878363,
6878364,
6878365,
6878366,
6878368,
6878369,
6878370,
6878371,
6878372,
6878373,
6878447,
6878464,
6886103,
6886130,
6886434,
6886435,
6886437,
6886446,
6887089,
6887097,
6887121,
6887174,
6887773,
6888602,
6889065,
6889069,
6889093,
6889096,
6889158,
6889160,
6889176,
6889197,
6889318,
6889319,
6889361,
6889362,
6889735,
6890516,
6890517,
6890578,
6890580,
6890581,
6890583,
6890584,
6891552,
6891586,
6891967,
6892073,
6892099,
6892263,
6892265,
6892269,
6892826,
6892836,
6892846,
6892853,
6893002,
6893008,
6893011,
6893029,
6893031,
6893071,
6893072,
6893073,
6893478,
6893483,
6893488,
6893603,
6893614,
6893617,
6893634,
6893665,
6893698,
6894068,
6894075,
6894133,
6894197,
6895007,
6895028,
6895049,
6895090,
6895096,
6895171,
6895180,
6895551,
6895554,
6895801,
6895805,
6895817,
6896194,
6896301"