"6896449,
6896451,
6896482,
6897168,
6897187,
6897481,
6897636,
6897637,
6897646,
6898062,
6898211,
6898223,
6898246,
6898517,
6898605,
6898607,
6898613,
6898628,
6898661,
6898732,
6898748,
6898761,
6898764,
6898824,
6898825,
6898930,
6898945,
6898947,
6898979,
6898987,
6898989,
6899049,
6899080,
6899084,
6899093,
6899098,
6899180,
6899185,
6899227,
6899249,
6899354,
6899654,
6899778,
7010601,
7013500,
7500271,
7501021,
7513983,
7541252,
7576814,
7579030,
7580788,
7580990,
7581187,
7582268,
7583420,
7589483,
7929953,
8090712,
8129468,
8304116,
8505044,
8505537,
8530920,
8534663,
8800007,
8800009,
8900013,
8982156,
8982160,
9415786,
9420833,
9430997,
9521463,
9521864,
9521946,
9522211,
9523046,
9523519,
9523533,
9523759,
9523796,
9523977,
9524546,
9525048,
9525482,
9525629,
9525654,
9525855,
9525922,
9533971,
9534364,
9535757,
9535759,
9536104,
9536789,
10002012,
10002021,
10002023,
10004007,
10004008,
10004012,
10004018,
10004020,
10004904,
10010606,
10010887,
10010979,
10010985,
10012352,
10017007,
10017068,
10017075,
10017235,
10020136,
10020359,
10020360,
10020625,
10585111,
10585123,
10604764,
10607542,
10897001,
10897014,
10898763,
11207804,
11305701,
11420078,
11478215,
11506001,
11570702,
11730015,
11940700,
11940701,
12108101,
12108601,
12108801,
12239700,
12243203,
12243303,
12280000,
12340313,
12346301,
12421001,
12430901,
12916903,
13218970,
14120001,
14120008,
14401028,
14859010,
14859011,
15223107,
15403000,
15839009,
17012100,
17730002,
18539007,
18539008,
18539010,
18539011,
18539014,
18539301,
18539303,
18539304,
18539306,
18539308,
18539521,
18539524,
18686002,
18737001,
19192002,
20001204,
20014103,
23000469,
23001181,
23001182,
23001189,
23001621,
23001757,
23001819,
23001827,
23001839,
23001846,
23001924,
23001946,
23001955,
23001986,
23002417,
23002418,
23002534,
23003113,
23003241,
23003503,
23003504,
23003515,
23003794,
23004212,
23004241,
23004248,
23004514,
23004534,
23004538,
23004669,
23005204,
23005205,
23005274,
23005369,
23005667,
23005684,
23005696,
23005741,
23005743,
23005859,
23005861,
23005923,
23005930,
23005934,
23006266,
23006292,
23006662,
23007068,
23007167,
23007270,
23007388,
23007573,
23007588,
23008036,
23008937,
23009568,
23009670,
23030023,
23030980,
23031489,
23031507,
23032482,
23032505,
23032525,
23032807,
23032808,
23032849,
23032866,
23032867,
23032872,
23032896,
23032941,
23032944,
23033439,
23033441,
23033464,
23033478,
23033591,
23033676,
23033862,
23033883,
23033885,
23033888,
23033896,
23033937,
23033942,
23034101,
23034555,
23034572,
23034757,
23034759,
23034926,
23034927,
23035174,
23035175,
23035259,
23035272,
23035275,
23035287,
23035288,
23035945,
23036570,
23037168,
23037223,
23037226,
23037238,
23037239,
23037369,
23037438,
23037440,
23037444,
23037446,
23037447,
23037765,
23038136,
23038235,
23038481,
23038482,
23038483,
23038484,
23038485,
23038486,
23038487,
23038488,
23038489,
23038490,
23038491,
23038492,
23038493,
23038494,
23038725,
23039031,
23039060,
23039065,
23039173,
23039175,
23039657,
23039711,
23039718,
23039739,
23039785,
23050604,
23050813,
23051147,
23051149,
23051624,
23051642,
23051992,
23052010,
23052011,
23052049,
23052067,
23052069,
23052078,
23052081,
23052085,
23052086,
23052087,
23052088,
23052090,
23052092,
23052093,
23052099,
23052358,
23052623,
23052954,
23052955,
23052956,
23052995,
23053159,
23053176,
23053191,
23053258,
23053259,
23053263,
23053293,
23053311,
23053320,
23053766,
23053767,
23053772,
23053781,
23053857,
23053858,
23053859,
23053866,
23053993,
23053995,
23053996,
23054163,
23054164,
23054602,
23054604,
23054605,
23054628,
23054637,
23054648,
23055378,
23055550,
23055590,
23055591,
23055606,
23055939,
23056114,
23056115,
23056451,
23056593,
23056724,
23056915,
23056918,
23056961,
23056962,
23056980,
23056998,
23057137,
23057145,
23057656,
23057657,
23057658,
23057659,
23057662,
23058100,
23058101,
23058560,
23058562,
23058569,
23058570,
23058573,
23058575,
23058579,
23058581,
23058582,
23058584,
23058589,
23058593,
23058594,
23058595,
23059551,
23059590,
23059592,
23059593,
23059594,
23060164,
23060435,
23060438,
23060813,
23060814,
23060815,
23060816,
23060818,
23060836,
23060837,
23061147,
23061213,
23061239,
23061822,
23062023,
23062026,
23062028,
23062061,
23062205,
23062238,
23062239,
23062240,
23062243,
23062244,
23062249,
23062341,
23062342,
23062419,
23062421,
23062751,
23062753,
23062775,
23063366,
23063412,
23063426,
23064207,
23064208,
23064209,
23064560,
23064561,
23064567,
23064620,
23064624,
23064625,
23064638,
23064648,
23064649,
23064853,
23064865,
23064887,
23064888,
23065484,
23065487,
23065489,
23065495,
23065552,
23065569,
23065814,
23065818,
23066399,
23066650,
23066652,
23066679,
23066684,
23066715,
23066744,
23067601,
23067602,
23067665,
23067785,
23067789,
23067790,
23068212,
23068215,
23068249,
23068265,
23069493,
23069705,
23069706,
23069728,
23069740,
23069744,
23069767,
23070297,
23070858,
23071309,
23071313,
23071468,
23071502,
23071567,
23071792,
23071793,
23071966,
23072014,
23072099,
23072258,
23072825,
23072828,
23072831,
23072862,
23073353,
23073354,
23073355,
23073356,
23073357,
23073371,
23073414,
23073472,
23073525,
23073645,
23073646,
23073647,
23073650,
23073652,
23073653,
23073674,
23073852,
23073854,
23074273,
23074274,
23074322,
23075070,
23075403,
23075985,
23076014,
23076021,
23076139,
23076369,
23076529,
23076531,
23077158,
23077510,
23078987,
23079006,
23079007,
23079008,
23079054,
23079055,
23079056,
23079057,
23079058,
23079059,
23079060,
23079416,
23079417,
23079638,
23079805,
23080137,
23080439,
23080806,
23083698,
23083699,
23084359,
23084761,
23086020,
23086069,
23086075,
23087109,
23087585,
23087591,
23087592,
23087630,
23087631,
23087639,
23088379,
23088397,
23088398,
23088474,
23088487,
23088583,
23089291,
23089626,
23089627,
23089628,
23089629,
23089959,
23089960,
23090049,
23090432,
23090547,
23091293,
23091353,
23091467,
23092686,
32117100,
32500212,
32500213,
32500216,
32500217,
32500218,
32500219,
32500225,
32500226,
32500233,
32500240,
32500705,
32500706,
32500709,
32500713,
32500714,
32500715,
32500717,
32500719,
32500724,
32500726,
32500731,
32500735,
32500740,
33957004,
33986001,
33986004,
33987301,
33987302,
33987303,
33987304,
33987305,
33987306,
33987308,
33987312,
33987313,
33987314,
33987315,
33987316,
33987317,
33987318,
33987319,
33987323,
33987331,
33987336,
33987337,
33987338,
33987339,
33987340,
33987341,
33987342,
33988102,
33988106,
33988118,
34269332,
34269343,
34269379,
35022301,
35039691,
35040771,
35041361,
35046132,
35640392,
35844001,
35862501,
35862503,
35862504,
35862580,
36052001,
36541002,
37514001,
37514004,
37654001,
38401371,
38824961,
38831141,
39608039,
39608040,
39608060,
39608061,
39685302,
39692002,
40022011,
40022019,
40101250,
40101285,
40101590,
40102500,
40103750,
40168001,
40168002,
40168003,
40300980,
40301285,
40302500,
40401250,
40401360,
40401875,
40401935,
41008722,
41008742,
41009912,
41120982,
41124122,
41320232,
41653402,
41653403,
41653406,
41653413,
41653414,
41653415,
41653416,
41653417,
41653418,
41653419,
41653673,
41764011,
41861472,
41861785,
42718001,
42985004,
42985005,
42985006,
43158002,
45017005,
45069302,
45082029,
45082117,
46802109,
46802112,
47255002,
48493001,
49202016,
50123020,
50267001,
50267002,
50267003,
50267009,
50267011,
50267012,
50267013,
50267022,
50267128,
50267201,
50322022,
50323021,
50511002,
51346002,
54078001,
54941002,
57274428,
57840099,
59346305,
59404973,
59420629,
59688000,
61160001,
62078862,
62532000,
64000103,
64260000,
64753049,
65446111,
65449152,
65542311,
65794017,
65794018,
65841614,
66132801,
66181891,
66227461,
66227831,
66251801,
66256083,
80006306,
84101309,
85802009,
88000012,
100002887,
100003918,
100003933,
100610450,
104008000,
106047613,
106047614,
114095670,
114200510,
130173307,
161951700,
174000103,
174371603,
176129101,
201253629,
201253630,
230608381,
318015000,
329198007,
329198086,
329806016,
329806128,
339889283,
341081101,
410400001,
410500001,
410600001,
410700001,
411024001,
411800006,
412100001,
412200001,
412300002,
413000001,
413000003,
413200001,
413200003,
413300001,
413700002,
413840304,
413900001,
414000001,
416100103,
416291001,
416292002,
416303102,
416311101,
416313101,
416331101,
416334101,
416337101,
416534110,
417000104,
417000105,
427012002,
430300007,
430310007,
433097001,
433100004,
433107003,
434056000,
434093003,
517900001,
520900006,
520900010,
520900045,
525603001,
525950109,
530900004,
539900043,
560617003,
560625003,
560625008,
560634012,
560645012,
560645121,
560646007,
560646117,
585900153,
585900162,
595601078,
654456114,
654491412,
657940114,
659030524,
659030525,
659030532,
659030558,
659030559,
659030566,
659030567,
659030572,
659030575,
659030580,
659030584,
659030586,
663536150,
672665696,
676201608,
676301628,
676601604,
676701612,
678301719,
680008810,
680008811,
680008817,
681038896,
681309881,
681623745,
682347216,
682545004,
682554005,
682554021,
684038078,
684038098,
684038313,
684038314,
684038315,
684038316,
684166208,
684166213,
684166216,
684166218,
684619616,
684619617,
685150157,
686406104,
686406108,
686406112,
687152111,
687152112,
687152113,
687152114,
687152116,
687152210,
687152214,
687152311,
687152613,
687152912,
687160307,
687160309,
687175531,
687175541,
687175551,
687609701,
687609702,
687609703,
687609704,
689090966,
689795310,
689795322,
697505639,
697506604,
800063014,
821912016,
821912020,
821920020,
823220120,
823230112,
823529515,
824610139,
851122016,
864212401,
864981401,
864997405,
865766417,
867837401,
904002700,
904002939,
1000594491,
1009092275,
1009202397,
1012379001,
1012379007,
1012379027,
1012379029,
1012379045,
1012379047,
1012380007,
1012380009,
1012380023,
1012380045,
1012380049,
1012380067,
1012380101,
1012380177,
1012380255,
1012380335,
1012380401,
1012380461,
1012380481,
1012381007,
1012382007,
1028672005,
1028672007,
1060516215,
1060516267,
1060754416,
1060754483,
1060754485,
1080902001,
1200641001,
1201900002,
1201921002,
1216830000,
1362120629,
1368520629,
1601372275,
1852020629,
2300659001,
2300849510,
2303009902,
2303339901,
2303339902,
2303339903,
2303339904,
2303787306,
2303903002,
2303903003,
2303903006,
2303903008,
2303903011,
2303903014,
2303903015,
2303903020,
2303903027,
2305295320,
2305295324,
2305296903,
2305296904,
2305296905,
2305297410,
2306001504,
2306001505,
2306001507,
2306001508,
2306001510,
2306001511,
2306001512,
2306001513,
2306001601,
3181001035,
3430120629,
3525019501,
3791278101,
4064160121,
4258420629,
4935280503,
4955732503,
5010032072,
5035012016,
5038504014,
5151031006,
5151884002,
5631005004,
5631882004,
5676000807,
5720009029,
5741882002,
6079274001,
6301001031,
6301001032,
6301001033,
6301001036,
6301001038,
6301001045,
6301001051,
6301001053,
6301001067,
6301001112,
6301001127,
6301001135,
6301001274,
6301001277,
6301001281,
6301001282,
6301001295,
6301001316,
6301001324,
6301001326,
6301001332,
6301001354,
6301001383,
6301001386,
6301001389,
6301001390,
6301001391,
6301001395,
6301001396,
6301001399,
6301001401,
6301002004,
6301002006,
6301002009,
6301002010,
6301002011,
6301002015,
6301002017,
6301002052,
6301002082,
6301002083,
6301002096,
6301003026,
6301012002,
6301025001,
6301881001,
6302001413,
6311001016,
6311001019,
6321089005,
6500994001,
6546150110,
6749294524,
7939970509,
8000332500,
8101015320,
8779604867,
9562830030,
10005769105,
10607541043,
10607541108,
10607541109,
16010741260,
17307920044,
34005065600,
34022601091,
34042807064,
41595001904,
43410322019,
43410332203,
55100326000,
55100326100,
55110109200,
55150101200,
55150114001,
67310044007,
67310044013,
67310044022,
67310044030,
67310044038,
67310044045,
67310044054,
67310044060,
67310044061,
67310044062,
67310044067,
67310044073,
67310044074,
67310044207,
67310044212,
67310044213,
67310044216,
67310044219,
67310044220,
67310044226,
67310044227,
67310044230,
67310044236,
67310044242,
67310044245,
67310044261,
67310044262,
67310044264,
67310044267,
67310044274,
67310044286,
67310044293,
67310044308,
67310044311,
67310066001,
67310066013,
67310066027,
67310066074,
67410312034,
67410312036,
67410312037,
67410312054,
67410312067,
67410312086,
67410312089,
67410312110,
67410312128,
67410312153,
67410312188,
67410312224,
67410312226,
67410312234,
67410312236,
67410312244,
67410312272,
67410312274,
67410312294,
67410312298,
67410312315,
67410312316,
67410312324,
67410322011,
67410322013,
67410332203,
67410332205,
67410332206,
67410332207,
67410332210,
67410332211,
67410332212,
67410413122,
67410413128,
67410413188,
67410413202,
67410413238,
67410413257,
67410413259,
67410413260,
67410413262,
67410413274,
67410413303,
67410423013,
67410433203,
67410433204,
67410433210,
67410433212,
88150940500,
88293121500,
90400259801,
00091005WE,
001274201WD,
001274202WD,
001274301WD,
002A000193WD,
01-002224-001,
01-0770119-15,
01-0771105-03,
01-0771105-04,
01-0771554-01,
01-0771733-11,
01-0771733-12,
01-0771774V02,
01-0771833-10,
01-0771833-15,
01-0771833-20,
01-0771888-01,
01-0790725-12,
01-0790750-10,
0110-3-16,
0110-5-16,
0111153-102,
011157-015-24,
011157-015-32,
01189-02518,
01189-02812,
0-12514-01,
012536002WE,
012536-002WE,
012C0PPER1LB,
0-13446-01,
0-13824-03,
01402012AIR,
01-5155-78,
0-1-5-3FS,
0-160-024-01,
018C0PPER1LB,
01K28983,
020003263WE,
02001010AIR,
0200200001SMI,
0200353001WD,
0200410003SMI,
0200410103SMI,
02-0250627-01,
02-0350433-01,
020BRASS1LB,
020C0PPER1LB,
021-0188,
021200-19927,
021-335-1,
022C0PPER1LB,
023619000WE,
02-4231-04WE,
025-050-12,
02505075AIR,
02507070AIR,
02507095AIR,
02507123AIR,
02507124AIR,
02507137AIR,
02507280AIR,
025-350-0,
025C0PPER1LB,
0-2-62-7080,
026-524-0,
02805028AIR,
02806045AIR,
02A21377,
02A21378,
02C2-0125SLHFL302,
03001002AIR,
03-008487-012,
03-008487-021,
03-008562-004,
03-008563-003,
03-008706-003,
03-009105-002,
03-009423-001,
03-009683-001,
03-009696-001,
031-1308-000,
0-317501,
032BRASS1LB,
032BRASS5LB,
032C0PPER1LB,
0332222340WE,
0332400130WE,
0332400290WE,
03410002000NC0A,
03600920WD,
03600923WD,
03600924WD,
03600926WD,
038072-05,
038088-08,
0382504K,
0382504P,
0382510P,
0382607A,
038493-12,
03DU03,
04-00216,
04-00217,
04-00218,
04-01505,
040301HB,
04-05400,
041BRASS1LB,
0432-9-3,
0441C0173-2LESLOK,
047546-02,
04DU04,
04DU06,
0-500003,
050554-2,
0505542WE,
050554-2WE,
0510105-308,
051BRASS1LB,
05-340201,
054-5-706R,
05B22779,
05DU04,
05K22035,
06-00419,
06-01109,
06-01110,
06-135930-000,
0646C820-24WE,
066-02200,
066-03300,
066-04400,
066-06200,
066-06500,
066-06600,
066-06800,
066-09000,
066-09700,
066-10500,
066-11000,
066-14100,
066-30026,
06B23072,
06B26813,
06DU06,
06E19769-1.25,
06E19769-1.50,
06FDU06,
07100-20629,
0711021-9,
071-371-0,
07196-20629,
07204-20629,
072-317-0,
0750116349WE,
0756041-1,
076-446-1,
078-356-0,
079-00300,
07C21979,
07C23076,
07DU08,
080697001AAR,
08-07180,
08125-20629,
08-13774,
082-00500,
08231-20629,
08-62-19,
088-00100,
09-00391,
09-02152,
09-04303,
0-91520205-1,
09-19200,
094-1040,
09-530-9602,
099A505401,
099A505501,
099A505601,
099A508801,
09A067WD26NB,
09A068-20WD,
09NE-058MONEL,
0A0900649AAR,
0A208000,
0A2260359CKAAR,
0A423011,
0F25014WE,
0F25-014WE,
0F25020WE,
0F25-020WE,
0F25-021WE,
0L1665,
0L2187TPL,
0L30192TPL,
0L3042NW,
0L3070TPL,
0L3092BPEGPL,
0L3112,
0L327,
0L3438BPC,
0L387AS10,
0L387AS15,
0L387BP,
0L4009BPEGPL,
0L6034,
0L6034BPGPL,
0L6084,
0L6235,
0L6838AS15TPL03,
0L6839BPE,
0L6839BPEGPL,
0L714BPE,
0L718F1BPA,
0L737AS15,
0L8GH00544828,
0L99850210,
0L99850220,
0RA203125ANCT13,
1/8 X 1/4 DOWEL PIN 18-8 S/S,
10 BRASS WASHER FLUSH N.P.,
10004-111,
100-048-5-9,
100-048-6-9,
10006S,
10007-006,
10007-014,
10008422WE,
10010909AIR,
100111AM121WE,
100111AM3WE,
100111AM90WE,
100111AM99WE,
10012182WE,
1001219-1WE,
10012231WE,
10012271WE,
1001227-1WE,
100122721WE,
1001227-21WE,
10012281WE,
10012291WE,
10012301WE,
10012341WE,
1001234-1WE,
10012352WE,
10012361WE,
10012372WE,
1001237-2WE,
10012381WE,
10012421WE,
10013826WE,
10014631WE,
1001463-1WE,
1002053001AAR,
100-212-2397,
100-24H,
100-28H,
100-35H,
1004261458S,
1005-0108-195,
10052W,
10056W,
10064H,
10-06754,
10078150101WE,
10-07930,
100-910-2397,
100942C0020-31,
100951S031XW,
100951X031YN,
100951X040ZL,
100951X063YN,
10-101949-12,
10-102083,
10-1039-3AAR,
10-116860,
101305WD,
10133WE,
101-389024-1,
101-389024-3,
101-389024-5,
10-14268,
101500WE,
101-555309-0005,
101-555309-0007,
10-157134,
10-157135,
10-157158,
10-157160,
10-157211,
10160411WE,
10-160844,
10-16092,
10-163012,
10-163151"